1.979246362117527553e+02 7.465702007500487625e+00
8.954721942903589138e+01 1.583094818435892837e+00
-2.135726511722845000e+00 1.261122849941488655e-01
2.650757741279811952e-02 4.163681295269150082e-03
1.435937905497349343e+00 4.112261171294186446e-01
2.028441381705011963e+02 9.205963287718139654e+00
8.426072685314346700e+01 2.503929231155788582e+00
-2.223196161694759088e+00 1.657061423851035886e-01
7.489068059219787694e-03 2.944625466859248936e-03
1.955820341985025301e+00 5.145774348267890819e-01
2.445030093220190395e+02 6.297911972059551111e+00
3.898852983136349337e+01 9.289817010169642231e+00
-5.150543457366581812e+00 1.153185047585152834e+00
8.151450525253473554e-05 1.069665457965759497e-04
8.453655305543623655e-01 4.496763431518857601e-01
2.324506500141218908e+02 1.192885792549730617e+01
5.823480635146822237e+01 8.420614923640703964e+00
-3.488309157804607707e+00 6.131491441495002803e-01
3.287634570682993157e-04 3.050337515630081354e-04
1.324737387753550433e+00 5.805121827308471483e-01
2.084616414214725069e+02 1.466854545564343582e+01
8.110624157938502776e+01 5.626738433473228440e+00
-2.411117440592788874e+00 3.502174899099378402e-01
5.259207292281130840e-03 2.362553894277033377e-03
1.825582539048443476e+00 6.285925155116198759e-01
2.141304284422991770e+02 1.694006494505114802e+01
7.619021776767992549e+01 6.009345011333274478e+00
-2.564155070128586900e+00 3.854076756088035682e-01
1.077540301812922405e-03 8.348062892932717411e-04
1.803856925346276396e+00 5.550916026743802911e-01
2.311902225129770159e+02 1.257246167863546482e+01
5.775486305129038556e+01 8.440196774839890281e+00
-3.298418205838133943e+00 5.677168044577466377e-01
1.962435613691784623e-04 2.465012156267406824e-04
1.397065288318477094e+00 5.664140671627569956e-01
2.238638790077046394e+02 1.580057526955849490e+01
6.769657878233006443e+01 8.398564563781334869e+00
-2.927653795703308859e+00 4.903093208562369076e-01
3.981632774716144674e-04 5.227980495368572461e-04
1.491348654320972855e+00 5.098836190147199021e-01
2.188889810588638056e+02 1.799836256856544381e+01
7.359992374015486405e+01 7.786998038357307195e+00
-2.745205553264765896e+00 4.810038399051204117e-01
7.085444164560121159e-04 8.458062078582340420e-04
1.503977818927602961e+00 5.435936425078849998e-01
2.267778676512652396e+02 1.367819492831520378e+01
6.349850589747878615e+01 7.656202378546296927e+00
-2.990258013049096775e+00 4.641282753936984973e-01
2.583049752133696384e-04 3.363610960573237439e-04
1.442557787964689364e+00 5.201489307160696018e-01
2.228252887115510532e+02 1.651364740953075483e+01
6.998574615883293859e+01 8.626228304811400349e+00
-2.875851637452770504e+00 4.833080383413844161e-01
5.006415533045390333e-04 7.812633657727733206e-04
1.380148582076441199e+00 4.738404528937382731e-01
2.402798854499547474e+02 9.066173886371354129e+00
4.362393205937232210e+01 9.869232640159639303e+00
-4.232881835786082902e+00 8.879487630218210192e-01
1.033046801272044865e-04 1.383984812775355098e-04
1.134114295326520638e+00 5.453260242957674864e-01
2.306892371432267623e+02 1.362432889214140275e+01
5.853019789251069938e+01 9.417121941332966983e+00
-3.235771115986318947e+00 5.599074581143967944e-01
2.160809479477205416e-04 3.264310349774450048e-04
1.326582177145496200e+00 5.068196438746678245e-01
2.255117385020265601e+02 1.548747251106133938e+01
6.737074770335725304e+01 8.976250407077492000e+00
-2.990842632768959675e+00 5.073501043154016177e-01
4.123868354687753712e-04 6.899920991007662792e-04
1.290785704934453548e+00 4.550807290330428079e-01
