7.437882609077949780e+01 8.296252572489104082e+00
8.714747471794905209e+01 8.079016310741332418e+00
8.347043069763112610e-01 1.999820098596156448e-01
8.365744954651807563e-02 2.577637917920928834e-02
4.234760813897012532e+00 5.695972014381738280e-01
1.962040348382398918e+02 8.856701735793743424e+00
8.456996671322900738e+01 2.063371519245485342e+00
-2.098963042418310998e+00 1.512487580454234537e-01
6.734444200941590644e-03 1.871316571809210480e-03
2.391648896217287934e+00 4.483187924228547727e-01
2.099170105069820806e+02 1.508980083986335430e+01
7.941643013392393868e+01 7.482872697542623186e+00
-2.399585701744603394e+00 3.977537277605396326e-01
8.997895004744224439e-04 7.302225557782602086e-04
1.777096339318903873e+00 4.268414009600356995e-01
2.052830150738374471e+02 1.613293431343951312e+01
8.189076688979723428e+01 6.734452579641570402e+00
-2.292489866879827698e+00 3.811913427000452326e-01
1.141305234275237458e-03 7.974301480588218355e-04
1.939744534918605101e+00 4.612987471782161175e-01
2.338311582833727584e+02 8.080112805043814461e+00
5.092675110640686142e+01 7.649951075246769427e+00
-3.423710827891408570e+00 6.789655509955938584e-01
1.616605886575158194e-04 1.167222248148735975e-04
1.587176138563342498e+00 5.151100380736608475e-01
