7.827440282653088843e+01 3.329580047775942742e+00
9.149668755867517689e+01 4.495012735675942395e+00
7.120773849502386454e-01 9.846113842980978859e-02
9.067790474420564517e-02 2.833229497898742330e-02
4.188247996729217881e+00 6.234031482551122272e-01
2.028441381705011963e+02 9.205963287718139654e+00
8.426072685314346700e+01 2.503929231155788582e+00
-2.223196161694759088e+00 1.657061423851035886e-01
7.489068059219787694e-03 2.944625466859248936e-03
1.955820341985025301e+00 5.145774348267890819e-01
2.228252887115510532e+02 1.651364740953075483e+01
6.998574615883293859e+01 8.626228304811400349e+00
-2.875851637452770504e+00 4.833080383413844161e-01
5.006415533045390333e-04 7.812633657727733206e-04
1.380148582076441199e+00 4.738404528937382731e-01
2.188889810588638056e+02 1.799836256856544381e+01
7.359992374015486405e+01 7.786998038357307195e+00
-2.745205553264765896e+00 4.810038399051204117e-01
7.085444164560121159e-04 8.458062078582340420e-04
1.503977818927602961e+00 5.435936425078849998e-01
2.402798854499547474e+02 9.066173886371354129e+00
4.362393205937232210e+01 9.869232640159639303e+00
-4.232881835786082902e+00 8.879487630218210192e-01
1.033046801272044865e-04 1.383984812775355098e-04
1.134114295326520638e+00 5.453260242957674864e-01
