1.783997641665816047e+02 1.272448838084761391e+01
9.189600182790017868e+01 2.621847034284721545e+00
-1.861460559339057852e+00 1.485404084387478285e-01
5.636738832046466613e-02 4.025929398818845623e-02
1.735784633198486970e+00 5.727388155805905878e-01
1.777677578150194790e+02 4.473016460266634198e+01
7.981154277605874370e+01 9.697760715991542213e+00
-1.927362356074452165e+00 4.661703957655523034e-01
6.222525422404887735e-02 1.395544100224881123e-01
2.376622941322610316e+00 5.854120137386311651e-01
2.350375356806562763e+02 9.155847326891004556e+00
4.954737908946635372e+01 1.201696988113708287e+01
-3.678297533787734608e+00 1.274966008474531121e+00
2.716037441694971102e-04 3.218533364683204192e-04
1.446186477924267466e+00 5.201867375469286792e-01
2.169989304496465081e+02 1.594055308807856797e+01
6.774467215543826626e+01 1.029246783439936053e+01
-2.716489826922957818e+00 5.937439900152581274e-01
8.011568237917755970e-04 9.114327331173723620e-04
2.053976983072072660e+00 6.468742804450624551e-01
1.944861631520486469e+02 1.849052495179278921e+01
8.107479589103854778e+01 9.423201263398764738e+00
-2.142300761673366249e+00 4.465234281291461937e-01
5.239295355515308748e-03 2.732707045530972673e-03
2.546916979025827033e+00 6.492649280594622319e-01
1.897625843224118682e+02 2.566408419216022807e+01
8.200269446570420939e+01 6.958953508846186686e+00
-2.029298054423520181e+00 3.941705529000208430e-01
2.454929904230119392e-03 2.455948907331783823e-03
2.608966815530707972e+00 6.745956798714971558e-01
2.110454045409639718e+02 2.241789243175076862e+01
7.030260400998187720e+01 1.024670192408130731e+01
-2.536523991472005246e+00 7.075206908826031649e-01
8.647212910690982302e-04 1.196107110748867181e-03
2.053774056608804965e+00 7.452817000006800585e-01
2.023726112333498861e+02 2.519715939375616287e+01
7.753988333670368149e+01 1.084316843443468414e+01
-2.311221023211728287e+00 5.688158572378111399e-01
1.456218505977325802e-03 1.803259108148152091e-03
2.154012096776642959e+00 6.644488643586288212e-01
1.957649714364741556e+02 2.753224367347568702e+01
8.068694591958532669e+01 1.134969089571061929e+01
-2.176389662221272392e+00 5.509674841757754571e-01
2.246343331125874154e-03 2.526602153198335716e-03
2.304021666249548961e+00 8.748818551145496336e-01
2.068546030589503175e+02 2.326174108811785146e+01
7.498466612873737347e+01 9.803403657032271568e+00
-2.400417793681137280e+00 6.298608141062279620e-01
1.226080094178719129e-03 1.761315732071883208e-03
1.995566216683775984e+00 6.169443085450325714e-01
1.999072708843862642e+02 2.716590219644053406e+01
7.913214737714331193e+01 9.250990741765132697e+00
-2.244020330390946061e+00 4.614362529826691040e-01
2.224121639588807608e-03 3.072398670002818039e-03
2.116076673614509129e+00 7.898982226318507216e-01
2.267534665566810759e+02 1.487049835089123384e+01
5.439690932961974568e+01 1.093357744996021985e+01
-3.057327295317948668e+00 8.384017046047025357e-01
4.636320740175288229e-04 7.417961829689984294e-04
1.850572444102163372e+00 8.217639866258865666e-01
2.129763335289929955e+02 2.189988592824248315e+01
6.955213976595443626e+01 1.086011719600258019e+01
-2.558627312126359410e+00 6.947668395186675783e-01
8.796929655199803256e-04 1.251460502558663984e-03
1.910165203733278139e+00 7.382665242962496155e-01
2.053779338524624336e+02 2.504304259309110847e+01
7.720486434578756985e+01 1.009640301396732731e+01
-2.390298309260667775e+00 5.444862079365382357e-01
1.899509062507947132e-03 2.819311268701068900e-03
1.880791081476296700e+00 6.845864514123932709e-01
