2.887706468387099790e+01 3.020121400682276303e+01 4.164281534413350272e+01 3.851912606071588385e+01 2.637581259690850644e+01 7.522983998824227569e+01
3.057586266392537411e+01 3.384088027318865954e+01 3.819974276602429342e+01 3.569086662796964049e+01 2.494407750551425451e+01 7.372485243087679407e+01
1.514408049192528871e+01 7.925084811391839068e+00 2.305248625354375491e+01 2.149084675450372117e+01 7.469711559155778779e+00 3.662267536221293085e+01
6.219476788881078022e+00 2.766706815706485756e+01 2.690039092871479554e+01 2.935816274798150260e+01 4.621528149237061456e+01 6.727208594512887885e+01
7.646828488651179256e+00 1.938654112961841847e+01 1.762439692020412352e+01 2.006351915717158363e+01 3.713882679002401233e+01 5.026697311372279842e+01
1.595639953307562031e+00 2.742817664886477758e+01 2.239285452216401140e+01 2.289181456470832643e+01 4.461341548281693292e+01 6.140588644340349589e+01
8.405832915546689321e+00 2.897659055652893301e+01 2.612970306324452707e+01 2.986081697518213574e+01 4.299700125697390973e+01 6.582911754668812421e+01
2.186060803019142185e+00 2.658838696977538163e+01 2.323578070000822038e+01 2.519517876061246042e+01 4.261364591149205694e+01 6.084687780714087779e+01
2.593724923203282273e+01 2.441136112940148450e+01 3.999274246651182807e+01 3.892858374342474548e+01 2.632664421161301860e+01 7.125027528101958296e+01
2.922275392918083980e+01 4.203999693334371557e+01 6.805190226384372920e+01 6.664177419856895312e+01 4.545241217665045497e+01 1.173006390950105526e+02
3.320348398595756123e+01 3.777874016496746634e+01 4.647821456284590624e+01 4.410709753402577604e+01 3.130777401810178873e+01 8.726707141329082162e+01
2.923855578616919715e+01 2.752739231696344291e+01 4.148660786515711152e+01 3.929736422800191775e+01 2.774589204142144538e+01 7.515255461281886085e+01
2.454105234352948628e+01 3.132467274319679618e+01 4.585057788245838850e+01 4.469959475760780521e+01 2.979887270410061006e+01 8.106664203407690650e+01
2.792551249966807703e+01 2.911353611594221746e+01 5.950844815355453221e+01 5.827792733576664830e+01 4.116913910518028530e+01 1.012911766364783688e+02
2.058264481346402874e+01 1.480049297256705820e+01 1.788519037762720743e+01 1.403874621848718540e+01 6.830392320093224612e+00 3.473212560765134072e+01
5.904412180483864070e+00 8.595968819753281309e+00 1.268169628817952344e+01 1.629973234253303005e+01 2.823914239799510639e+01 3.650628194852640718e+01
