9.577844062828299032e-01 8.388980644374598228e+00 1.160577606417088781e+01 1.252649263365661447e+01 8.894551685213967218e+00 2.102409219572365018e+01
3.334490853223629703e+00 4.688602182131552887e+00 3.590663704282714086e+00 3.088349714324748696e+00 9.434107035526317020e+00 1.202226954553552574e+01
1.972752557726918266e+00 9.673781552416240714e+00 2.547849656718499745e+01 2.698308242615155450e+01 2.332768566141535160e+01 4.493211818995668949e+01
6.243567105549452378e+00 1.231588661902717163e+01 2.997730497982549025e+01 2.938185831479243859e+01 1.504083818915456483e+01 4.667785790640536447e+01
1.510669123163354755e+01 8.774333535640330695e+00 1.647671283568700318e+01 1.741974423190970711e+01 1.218683522281065201e+01 3.207256704233945754e+01
1.211723416449930424e+00 3.796444220058728725e+00 9.983940820601180377e+00 8.724769254964490628e+00 3.078513998450876699e+00 1.418305974232248090e+01
1.352415255757820667e+01 1.320239068189170517e+01 2.795141060633955377e+01 2.858931128431640190e+01 2.007884804549681945e+01 4.856949696618067946e+01
1.692186496183564870e+01 2.211581653900362099e+01 4.727568236872499341e+01 4.949813389219063708e+01 2.591754599328408304e+01 7.830857837762903273e+01
1.014945585049435905e+01 7.437331671131871325e+00 6.917727240467141492e+00 9.394053020176864166e+00 1.206114589156764083e+01 2.097378790263288550e+01
5.733641505664909488e+00 7.644325496577262236e+00 1.703970537668903873e+01 1.717674809568675087e+01 9.138791285336518300e+00 2.757208910904451216e+01
3.964605597685924909e+00 4.970197298364770866e+00 1.699120805420840696e+01 2.096904062604618701e+01 1.440378991545093257e+01 3.124567071734087520e+01
5.863919201793563740e-01 3.507223287037364301e+00 6.694995359862803141e+00 6.443942504509152513e+00 6.228819599758695702e+00 1.173839947120266736e+01
9.219664222870052939e+00 1.371499468295584734e+01 1.586053594735579431e+01 1.650402440214077160e+01 1.449167588176749533e+01 3.173407284610663126e+01
1.033351971850458817e+01 6.598898313112311342e+00 5.861362517032461916e+00 6.562746027988926478e+00 8.741959444300954729e+00 1.744058914226465618e+01
1.109404199829759641e+01 6.810206705472175770e+00 4.988364879364050708e+00 6.654689737533224125e+00 8.561557220092598897e+00 1.766141627776978495e+01
1.451341429989715159e+00 2.033908623979783226e+00 2.528082413973127274e+00 2.098484207921975653e+00 4.801773502478514644e+00 6.332064566075335854e+00
4.715494990640212158e+00 2.682135187512087793e+00 7.154522188876965672e+00 5.661173540252559810e+00 4.181002810725433783e+00 1.140818128704685108e+01
7.477937851929296720e+00 8.982540353656053966e+00 6.627689713540420691e+00 7.281794775889204985e+00 6.417724312567092859e+00 1.657539070947131421e+01
1.415140380380235108e+01 2.237393680965194420e+00 7.019486810994559178e+00 5.547951466368129303e+00 5.677959774770099166e+00 1.782022300277706606e+01
1.246340158460013470e+01 3.930352546127120483e+00 2.472749292885522809e+00 2.197957441436031889e+00 4.633161504502814054e+00 1.425467438079515503e+01
1.015484563379556704e+01 1.965184881424559826e+00 7.972564210682310026e+00 1.147669932462376785e+01 5.411553573528893324e+00 1.820835415475110963e+01
2.416156253920122765e+01 1.118010840446953580e+01 1.901221901949502069e+01 1.650199262518234278e+01 1.097691514059984819e+01 3.824982126653892323e+01
3.618455011041777247e+00 3.645195126330985413e+00 4.800597591592421054e+00 4.051548265704838947e+00 3.243711397947399711e+00 8.738598766099359594e+00
6.575028433970564024e+00 6.117532623080080612e+00 1.224791236373516767e+01 1.678278686926006813e+01 9.847204481750747362e+00 2.468392053090690652e+01
8.619833161544274702e-01 1.182911890774477115e+00 1.548460372263034568e+00 1.638838147923928013e+00 2.410172392258431717e+00 3.610366565686740525e+00
2.263980686956647670e+00 1.210901903890121867e+00 3.075479890601886090e+00 3.296807031748607564e+00 2.740957610503838460e+00 5.867900285146295580e+00
6.745503826882025322e+00 4.158268816542810775e+00 6.749751206955587612e+00 6.474064543368426072e+00 6.219031766913794002e+00 1.374561859701097433e+01
6.143063606013801525e+00 5.934243285163859127e+00 9.966224555490638792e+00 1.008077705273832159e+01 7.301702108643556066e+00 1.808908580873819361e+01
7.927770234698211738e+00 5.304056516742175376e+00 8.901797769483131617e+00 9.028879709314340474e+00 6.425287030741438699e+00 1.711810568341074656e+01
2.072993343136193989e+00 3.503696761447122832e+00 9.915900871170133968e+00 1.047792445096985148e+01 4.355888423633191842e+00 1.560957870165329453e+01
5.439963743005741037e+00 1.030168506852189658e+01 1.830761838805042530e+01 1.906654283716771658e+01 1.226068599381096291e+01 3.138063556748157978e+01
5.039321287980306430e+00 8.921588932805846639e+00 2.335391803537343236e+01 2.266161066364266219e+01 1.014302080793399341e+01 3.559247764223643173e+01
1.112652350028809778e+01 6.232209091557506575e+00 2.028818482529928602e+01 1.766309307823090435e+01 1.029285114002876966e+01 3.149885776579683494e+01
1.991747438839842621e+00 1.911269945694207495e+00 6.259767254659357683e+00 5.526103748004129734e+00 1.659705673058269992e+00 8.949700682303943111e+00
1.408960792579261856e+01 4.198663349311532400e+00 2.383711478713663823e+01 2.392092841350933696e+01 4.990406738327658687e+00 3.716811593794771085e+01
3.527045586190468374e+00 1.238210747191457806e+01 3.653511347631326345e+01 3.694772152072425087e+01 1.679210659892395441e+01 5.610418988224328984e+01
2.265545846303270494e+01 2.436248030280719945e+01 5.298327111658744570e+01 5.531146930351448532e+01 2.968280390578183159e+01 8.862536176011582256e+01
1.706580898953233572e+01 1.796364233638142593e+01 3.960032383838033354e+01 4.206791566323307308e+01 1.832056365986087698e+01 6.547879436600170777e+01
4.843898187271562961e+00 1.671136847469735187e+01 3.020782856261403282e+01 3.424385923122973452e+01 1.460476586675318522e+01 5.100183500115459623e+01
9.695792441922810312e+00 2.134000190064162084e+00 2.356425894557074407e+00 2.516569840290232563e+00 4.910938290063792344e+00 1.160023833955378514e+01
1.307493765012948117e+01 1.191939423999592584e+01 1.807837318929260562e+01 1.838724401274400932e+01 1.137049883679543072e+01 3.327510356041453576e+01
1.005377752197178509e+01 8.744689579352785680e-01 3.353277888696812870e+00 3.591136395078383448e+00 3.649704818782389726e+00 1.180272074103341851e+01
8.532421541235279960e+00 8.404952741665936422e-01 3.758950689794807953e+00 4.316385840157049181e+00 1.534640649191883144e+00 1.042231589402285508e+01
6.955751578154424131e+00 1.358732095623796265e+00 1.253902135028470433e+01 1.155628294415764401e+01 2.360221260288238199e+00 1.861649830742927847e+01
6.836858630489103028e+00 1.295105389283195851e+00 3.140809952762134927e+00 3.323455125792271314e+00 2.773817880842468941e+00 8.776334124863849340e+00
6.823020301516498520e+00 1.070799262845480015e+01 2.120306983262463874e+01 1.995895553799165967e+01 1.256081896599790504e+01 3.416019557551165775e+01
5.923969636376002157e+00 1.344106012375137382e+00 5.600888712058417873e+00 5.388601179318281531e+00 1.884800243965895516e+00 1.004288236610762475e+01
6.460193057111656145e+00 6.074563472271696796e+00 1.082304830206540203e+01 1.041840376543107460e+01 4.885574836210978766e+00 1.811587063219480953e+01
9.412965890836657579e+00 9.484032556420011417e+00 1.908623204095714243e+01 1.713158214627368992e+01 1.074057821841034688e+01 3.084941135929277678e+01
1.954594743856230465e+01 8.800995126230851895e+00 1.426399934371068134e+01 1.269767578402071706e+01 7.110908429956796617e+00 2.957632909567539770e+01
1.269282763012378545e+01 8.739802879761787935e+00 1.409247961080906819e+01 1.201620365805572455e+01 7.350235383899488717e+00 2.518938506110848508e+01
1.434150106983128614e+00 2.058349864009423325e+00 7.637994565478530617e+00 7.343018142855815888e+00 2.907453013117542007e+00 1.126968278808693213e+01
1.172767116715505820e+00 3.615585603190010211e+00 6.513233008762351339e+00 5.421709419235966720e+00 5.377551940687859577e+00 1.073233637619988734e+01
7.159971077412222051e+00 2.642725738381211276e+00 3.098357815585820241e+00 3.325603630249623688e+00 5.132741449271110312e+00 1.025932164432322224e+01
9.250975599633335378e+00 3.698124738035241776e+00 1.163045453584748223e+01 9.971574394574748368e+00 1.811694988237589676e+00 1.836405955856271888e+01
1.697052236575155248e+01 9.125513614235694959e+00 9.618552220055075708e+00 1.032793524274798180e+01 1.076097787554276586e+01 2.619647048967317815e+01
9.556619372246403898e+00 6.040166835924227762e+00 3.618809589797911563e+00 3.855170327925967033e+00 7.546653752428516881e+00 1.458501605056956052e+01
1.237298768886772704e+00 2.894723071013100224e+00 6.601657995852519889e+00 5.047264789671685570e+00 4.732784465887233338e+00 1.006808565980399450e+01
3.167186460568601980e+00 2.799287075132260938e+00 6.230918223224856334e+00 4.297687056877000700e+00 2.298773527544299977e+00 8.969163499419204655e+00
1.211074294452688216e+00 1.735092163030711232e+00 5.861903333202990396e+00 4.717337022309882499e+00 3.720441336888305806e+00 8.656448970102793794e+00
1.154493525385477426e+01 8.963619559877404441e+00 1.493551247620682965e+01 1.606472296669957700e+01 1.355787814242991907e+01 2.964106817033808028e+01
1.209954078907974129e+01 3.503409918898587883e+00 7.414677001880903617e+00 8.736806002719571751e+00 6.556019567736369069e+00 1.824728404750586108e+01
2.372967702175214555e+01 2.340152520408764314e+00 1.344657428022874157e+01 1.393479527750085722e+01 9.038241000556729077e+00 3.201956534775513319e+01
2.111632118864857688e+01 9.441863485057758743e-01 1.119609888918694729e+01 1.182728700091264429e+01 7.769744618219265320e+00 2.779202741747408467e+01
2.542061909484853999e+01 2.987078822159883629e+00 1.449918479696083118e+01 1.563237272953515422e+01 1.077277891013522826e+01 3.501115132973154687e+01
1.255927696511915137e+01 5.074996911404686450e+00 1.412075560848471945e+01 1.405171321782425053e+01 4.837617901185955027e+00 2.457112048331829612e+01
3.083650854998825963e+01 1.895225958336185679e+00 1.216748780987440348e+01 1.361013508749029910e+01 7.522071741469137152e+00 3.666534114083265905e+01
2.981361304158102499e+01 2.012308407878461214e+00 1.367177342400954032e+01 1.439040608944639388e+01 7.620177295655028438e+00 3.667382153137840817e+01
2.727484062381095242e+01 2.836144850536892914e+00 1.277207290280897567e+01 1.411877348958054945e+01 7.997945097545406057e+00 3.432773493162075340e+01
3.150100803434398955e+01 2.475309545605646644e+00 1.394541642023537698e+01 1.541487767660028751e+01 8.777497014336734793e+00 3.882754449204046665e+01
1.682726078676462222e+01 1.299847326086357446e+00 4.239893156601500124e+00 3.810459784061611899e+00 6.734466508314562727e-01 1.782683754325997683e+01
1.571188089800985033e+01 3.521475202596584975e+00 9.021329277727369700e+00 9.895801200062134484e+00 9.029438504238910923e+00 2.280583285008275851e+01
2.212042232026723010e+00 2.383218862774651559e+00 5.295323748347350978e+00 6.506274073167283234e+00 1.864287868853854002e+00 9.188062263453080192e+00
2.754983080442632737e+00 1.627046089698881204e+00 5.808588901979693908e+00 6.252648490730252639e+00 1.191245129771875577e+00 9.191930912031910594e+00
7.534052649250904565e+00 8.290248946324350499e+00 5.631166546646348081e+00 8.069373540290458280e+00 9.468200093281787133e+00 1.766244082591493125e+01
3.687679281071635451e+00 2.012896934501140489e+00 1.930888783260664265e+00 2.427785045785182394e+00 2.693317896794547028e+00 5.875982093575755627e+00
7.177237030369392201e+00 4.831809945422167907e+00 4.526122975663201764e+00 3.654327123050468362e+00 1.802461920700177744e+00 1.058054269059243602e+01
1.396850546043632058e+01 1.505724019964792859e+01 1.373605487350775078e+01 1.590773177461032795e+01 1.600081641982056979e+01 3.346043763954523342e+01
1.200679893426647205e+01 1.274554268255089085e+01 1.152040821403718951e+01 1.320340698575145844e+01 1.247356437817535380e+01 2.773538621808897986e+01
2.813800786131751330e+00 3.351160028016281878e+00 1.388177965960401661e+00 2.335160887795109108e+00 7.089387004751936061e+00 8.762828934631862410e+00
3.464553597980219113e+00 5.304314063131314150e+00 2.939258181864723873e+00 3.839005232529837386e+00 9.858590968114848252e+00 1.267706176624757752e+01
3.388956261732155806e+00 2.169336285474552284e+01 3.108534318977774191e+01 3.429283107476103254e+01 2.092191599680854353e+01 5.533633896290444909e+01
6.954617406050495276e+00 1.117830535371482448e+01 2.187496439690077565e+01 2.355743651908351310e+01 7.149557481942860448e+00 3.546694614354837682e+01
2.818008400398900193e+01 2.526800904857317676e+01 3.608645387249550396e+01 3.689563847358635940e+01 2.421295246304835302e+01 6.842789470818040343e+01
7.785877099404334700e+00 1.629383244852176560e+01 2.508743676831286962e+01 2.637525769562923372e+01 1.560176315545538905e+01 4.352651575466844491e+01
1.887573966176184470e+01 1.539879997301897596e+01 2.491901539342616800e+01 2.540724078939106434e+01 2.185999951625371196e+01 4.835040206602400303e+01
2.038817280424423117e+01 1.724715346459407073e+01 2.539703787914226041e+01 2.556015478145047837e+01 1.687068387390507951e+01 4.791756371923051461e+01
1.890771598799198872e+00 5.284754338426179920e+00 6.590089281252206277e+00 6.947511512499136899e+00 6.992446083092596965e+00 1.311850375738332097e+01
2.638416675987396687e+01 1.545291144104354508e+01 2.842416179544730426e+01 2.870916356856437446e+01 1.844066587662407031e+01 5.391775154966322248e+01
4.763191693204830379e+00 1.881842550021030069e+00 1.918576586429215913e+00 1.645489635934307415e+00 8.040247217938411017e-01 5.767525856249143601e+00
2.467477772478459119e+00 5.244655995199798859e+00 5.785435437891882415e+00 5.287270695026554890e+00 4.575433394674583099e+00 1.076828437696858209e+01
2.144961337965588299e+00 5.509971246721652172e+00 1.051242913418361269e+01 1.159126402198647199e+01 5.612170314683697647e+00 1.764442308069929055e+01
2.191990366059362927e+00 4.303609683703297328e+00 4.389698340482125261e+00 5.933113332753307212e+00 3.278322504053681197e+00 9.409811998912264386e+00
1.125840141989536525e+00 4.800018417030361917e+00 1.026741815807711689e+01 1.013986353648549965e+01 4.907468062636280770e+00 1.601960186104201256e+01
4.615255074528365142e+00 1.985136337242111804e+00 4.510562260214334707e+00 4.509771409143828791e+00 4.291512569502717866e+00 9.183770243238864595e+00
1.656254050277764733e+00 3.217295476230920048e+00 7.649177335574003145e+00 8.174663021700215637e+00 3.679441221017890395e+00 1.232750926946619607e+01
6.719008477042127225e+00 5.318138191978619034e+00 1.614058433057845221e+01 1.756400107107511843e+01 6.975956311378344488e+00 2.628886135531638857e+01
2.808658646393337399e+00 4.397446320156191746e+00 1.358514619657002065e+01 1.483403676620421940e+01 4.945170549748224786e+00 2.136084392668023568e+01
4.978567052999467890e+00 6.245957454569239786e+00 6.835979277960288591e+00 6.408984013236352695e+00 8.273069010334285878e+00 1.483399723762533284e+01
1.130473532841681816e+01 5.292825722623915929e+00 1.346815938299529236e+01 1.991092244776562126e+01 8.843149757027447322e+00 2.849295513785013156e+01
1.748239282759767477e+01 3.037466680623756687e+00 4.512585752782458215e+00 9.528979259127648760e+00 2.558812096043957762e+00 2.079838114023058182e+01
1.575242254615257664e+01 3.118603296908351918e+00 1.581170504854497283e+00 7.383174086354420851e+00 1.905119730526241284e+00 1.784671800467809533e+01
1.532776470600548668e+00 3.129484048154988152e+00 9.048676289027373087e+00 8.283622040819144772e+00 3.657785927708205431e+00 1.326723063446830686e+01
6.027697098743622917e+00 3.126947653569803975e+00 1.616394839357177871e+00 2.207764955121598760e+00 5.041995016682935926e+00 8.889297276184835894e+00
5.130817916469086803e+00 1.648132749254076046e+01 2.306398454019927158e+01 2.218532126933456539e+01 1.693381949587865165e+01 4.011046688610692001e+01
9.489705824301047699e+00 2.022703769478983560e+00 2.446724710080459442e+00 2.612819162494765202e+00 2.682509281578518756e+00 1.068433381168010676e+01
2.979667634138650989e+00 8.290009685117695426e+00 1.037352052184715667e+01 9.871750794103345328e+00 8.299498810115949254e+00 1.874955338258644488e+01
5.691218533760833864e+00 1.890682980124679347e+01 2.690824557095436020e+01 2.578385358308849717e+01 2.060097939300906233e+01 4.693739786976320261e+01
2.417161367091702928e+00 9.025997822310669605e+00 1.595589779379824336e+01 1.717651169095653785e+01 1.417838877938121378e+01 2.894756021529108025e+01
3.860515362220872770e+00 2.761597839014384270e+00 6.827556905950031840e+00 6.367034521046449846e+00 3.257866669931535952e+00 1.096806084144440874e+01
1.113005487011397232e+00 1.562000496073617128e+01 2.885559937748741888e+01 3.002737802810756307e+01 2.383543297407683781e+01 5.047415425667060163e+01
1.369014740644583839e+01 1.516154081320751468e+00 1.732579776794368032e+00 8.382008017803891375e-01 3.354177850263255767e+00 1.430642448436296199e+01
2.040506892649115667e+00 1.094757535929590908e+01 1.174175587763139106e+01 1.430146326634257825e+01 1.208226463661004502e+01 2.474661342535431885e+01
1.003750188913037356e+01 2.220559681365454008e+00 4.156334996705332685e+00 3.604294163031507736e+00 8.018855519107249696e-01 1.168723264633956660e+01
3.436004725296233353e+00 7.496740640394203403e+00 1.440580712402890740e+01 1.721649711321795806e+01 8.353101478954211956e+00 2.533212594243656213e+01
5.545615290600228953e+00 7.224743602147096766e+00 1.064674117816400845e+01 1.259404472824345689e+01 7.119089949029357101e+00 2.013939599646139555e+01
2.117168725313382893e+01 1.420670737101485415e+01 2.081595711054127662e+01 2.116659696400198953e+01 1.314128515244636297e+01 4.128066312927224146e+01
6.968192074365297195e+00 2.449137234779252381e+00 4.474651912398949882e+00 3.342164577382982227e+00 3.892830119018642065e+00 1.004493275811328346e+01
1.547585192697612477e+01 1.798271102771273178e+01 2.182567706237508176e+01 2.245357567938518883e+01 1.923592854650256712e+01 4.374270311536574241e+01
1.124366755146442109e+01 8.526025105461261688e+00 1.034388671897175449e+01 1.049571164675615798e+01 7.791407646748313987e+00 2.183976081946390835e+01
3.887469636696579300e+00 9.395114398997780114e+00 9.269468920452256455e+00 1.025148253842823820e+01 8.366789147915188352e+00 1.908925623734707244e+01
6.457820298860654784e-01 6.037214723142139583e+00 1.396161294568471334e+01 1.157207253573341177e+01 5.081836470443865217e+00 1.978710582104335458e+01
9.976266971233147984e+00 1.506878021518357791e+01 2.996187220349116842e+01 3.207844457890724499e+01 2.177257948107554242e+01 5.222432048054754006e+01
2.852602712854455991e+00 1.062032119900351823e+01 2.596143482436623628e+01 2.660866320937853047e+01 1.271778744777595094e+01 4.080058502159186418e+01
1.019339014609734662e+01 2.038963539818178106e+01 3.265814607683940807e+01 3.359598126847172495e+01 2.257952365977737585e+01 5.678663386406586966e+01
5.781105728153780987e+00 1.149083019979531883e+01 3.364263826998566032e+01 3.505755122997445028e+01 2.624521580491665063e+01 5.670212273605508102e+01
2.210136726241328731e+00 1.009700616130617945e+01 2.811825068347866363e+01 2.803624720442575935e+01 2.060606619974670295e+01 4.591417407299295661e+01
5.407929019964357487e+00 1.105347778922434543e+01 2.450913938376342216e+01 2.450671779764928004e+01 1.486699011100165002e+01 3.967026081372332413e+01
